13	13	13	13	14	14	14	14	14	11	11	11	8	8	8	5	5	4	4	1	1	1	2	2	2	2	2	3	3	3
7	7	10	13	13	13	14	14	14	11	11	8	8	5	4	1	1	1	1	1	1	1	2	2	2	3	3	6	6	9
13	13	13	13	14	14	14	14	14	11	11	11	8	7	7	4	4	1	1	1	1	1	2	2	2	2	3	3	3	3
13	14	14	14	14	14	15	15	12	12	11	8	8	8	5	5	4	4	1	1	1	2	2	2	2	2	3	3	3	6
11	10	10	13	13	13	14	14	14	14	15	14	11	11	11	8	8	5	4	4	1	1	1	1	2	2	2	3	3	3
11	11	11	11	14	14	14	14	14	14	14	11	11	8	8	8	5	5	5	2	2	1	1	1	2	2	2	2	2	3
10	10	10	13	14	14	14	14	14	14	11	11	11	8	8	8	5	4	4	1	1	1	1	2	2	2	2	3	3	3
13	13	13	13	13	13	13	14	14	14	14	11	11	8	8	8	4	4	4	1	1	1	2	2	2	2	3	3	3	3
14	14	14	14	14	14	14	14	11	11	11	8	8	8	8	5	5	4	4	1	1	1	1	2	2	2	2	2	3	3
11	11	11	11	13	14	14	14	14	11	11	8	8	5	5	2	1	1	1	1	1	1	1	2	2	2	3	3	3	3
8	7	7	10	10	14	14	11	8	8	5	5	2	1	1	1	1	1	2	2	2	2	3	6	6	9	12	12	15	15
15	15	15	15	15	12	12	9	9	9	5	5	5	5	5	4	4	4	7	7	7	8	5	5	5	5	2	3	3	3
11	11	11	10	10	10	13	13	13	13	14	14	14	11	8	8	5	5	4	1	1	1	1	1	2	2	2	3	3	3
10	10	13	13	13	13	13	14	14	14	11	11	8	8	7	7	4	4	4	1	1	1	1	2	2	2	2	3	3	3
14	11	11	11	11	11	14	14	14	14	14	14	11	11	8	8	5	5	5	4	4	1	1	2	2	2	2	3	6	6
14	14	14	14	14	14	14	14	14	11	11	11	8	8	8	8	5	5	4	4	4	1	2	2	2	2	2	2	3	3
11	10	10	10	13	13	13	14	14	14	14	11	11	8	8	5	5	5	1	1	1	1	1	2	2	2	2	3	3	3
13	13	14	14	14	14	14	14	11	11	11	8	8	8	8	4	4	4	1	1	1	1	1	2	2	2	2	3	3	3
13	13	13	13	14	14	14	14	14	14	11	11	11	8	8	8	5	4	4	1	1	1	2	2	2	2	2	3	3	3
11	11	11	11	14	14	14	14	14	14	11	11	8	8	5	5	5	2	1	1	1	1	1	2	2	2	2	3	3	6
10	13	13	13	14	14	14	14	11	11	11	8	8	8	5	4	4	4	4	4	4	2	2	2	2	2	3	3	3	6
10	10	13	13	13	13	14	14	14	11	11	11	8	8	7	4	4	4	1	1	1	1	2	2	2	2	3	3	3	3
11	11	11	14	14	14	14	14	14	14	11	11	11	8	8	8	5	5	4	4	1	1	1	1	2	2	2	2	3	3
13	13	13	13	14	14	14	14	14	11	11	10	7	7	7	7	4	4	1	1	1	1	2	2	2	2	3	3	3	3
10	10	10	13	13	14	14	14	14	14	14	11	11	11	8	8	5	5	4	1	1	1	1	1	2	2	2	2	3	3
8	7	7	10	10	13	13	13	14	14	14	14	11	11	8	8	5	4	4	1	1	1	1	2	2	2	2	6	6	6
11	10	13	13	13	14	14	14	11	11	11	8	8	8	5	5	5	1	1	1	1	1	1	2	2	2	2	3	3	3
10	10	10	13	13	13	14	14	14	14	11	11	11	8	8	5	4	4	1	1	1	1	2	2	2	2	5	6	6	6
11	11	11	11	14	14	14	14	14	11	11	8	8	8	5	4	4	4	4	4	4	5	2	2	2	2	3	3	6	6
11	11	10	13	13	14	14	14	14	14	11	11	11	8	8	8	5	4	4	1	1	1	1	2	2	2	2	3	3	3
14	12	11	11	11	14	14	14	14	15	15	15	12	12	12	8	8	8	5	5	5	5	1	1	1	2	2	2	2	2
14	11	11	11	11	14	14	14	14	14	14	14	11	11	8	8	5	5	5	2	2	2	1	1	1	2	2	2	2	3
10	10	10	13	13	14	14	14	14	14	11	11	11	8	8	5	5	4	1	1	1	1	1	2	2	2	3	3	3	3
12	12	12	12	15	15	15	15	15	12	12	9	9	9	6	5	5	5	4	4	4	4	4	4	1	2	2	2	2	3
14	11	11	7	7	10	10	13	13	14	14	14	11	11	8	5	5	2	1	1	1	1	4	4	4	5	2	3	3	3
11	8	8	7	7	10	10	13	14	14	14	14	11	11	8	8	8	5	5	1	1	1	4	1	2	2	2	2	3	3
10	13	13	13	13	14	14	14	11	11	11	7	7	7	4	4	1	1	1	2	2	2	2	3	6	6	6	9	9	12
14	14	14	14	14	14	14	14	14	11	11	11	8	7	7	4	4	4	1	1	1	1	2	2	2	2	2	3	3	3
7	7	10	10	10	13	13	13	13	14	14	11	10	7	7	4	4	4	1	1	1	1	2	2	2	2	3	3	3	3
11	13	14	14	14	11	11	8	8	7	4	4	4	4	4	4	4	4	4	1	2	2	2	2	3	6	6	6	6	9
8	8	10	10	10	13	13	13	14	14	14	14	11	11	11	8	8	4	4	4	1	1	1	1	2	2	2	2	3	3
13	13	13	13	13	13	14	14	14	14	14	11	11	11	8	8	8	5	5	5	2	2	2	2	2	3	3	3	3	3
11	10	10	13	14	14	14	14	15	15	15	12	12	9	9	5	5	5	2	2	1	1	1	4	4	5	2	2	2	3
8	11	11	14	14	14	14	14	14	11	11	8	8	5	5	5	1	1	1	1	1	1	2	2	2	2	3	3	6	6
10	10	10	13	13	13	13	14	14	11	11	11	8	8	7	4	4	4	1	1	1	2	2	2	2	3	3	3	3	3
7	7	7	7	10	10	13	13	13	13	13	14	11	11	8	8	5	5	1	1	1	1	1	2	2	2	3	3	3	3
10	10	10	13	13	13	13	14	14	14	11	11	8	8	5	4	4	4	1	1	1	1	2	2	2	5	6	6	6	6
8	8	11	11	14	14	14	14	14	11	11	8	8	5	5	2	2	1	1	1	4	4	4	5	5	2	2	2	3	3
10	13	14	14	14	14	11	12	11	8	8	8	8	7	4	4	4	4	1	1	1	1	2	2	2	2	3	3	3	3
10	10	10	13	13	13	14	14	14	14	14	11	11	11	8	8	8	5	5	4	1	1	1	1	2	2	2	2	3	3
10	10	10	10	13	13	13	13	13	14	14	14	11	11	8	8	5	5	5	1	1	1	2	2	2	2	3	3	3	3
12	11	11	11	10	13	13	14	14	14	14	11	11	8	8	8	4	4	4	4	1	1	1	1	2	2	2	3	3	3
11	11	11	14	14	14	14	14	14	11	11	8	8	8	5	5	5	2	1	1	4	4	4	5	2	2	2	2	3	3
11	10	10	10	10	10	13	13	13	14	14	14	14	14	11	11	8	8	5	5	5	2	2	2	2	2	3	3	3	3
10	10	13	13	13	14	14	14	14	11	11	11	8	8	8	8	4	4	4	1	1	2	2	2	2	3	3	3	3	3
7	7	10	10	10	13	13	13	13	13	13	10	10	7	7	4	4	4	1	1	1	1	1	2	2	2	3	3	3	3
11	11	11	11	11	11	14	14	14	14	11	11	8	8	8	4	4	4	4	4	4	4	2	2	2	2	3	3	3	3
8	11	11	14	14	14	15	15	12	12	8	8	5	5	1	1	1	1	4	4	4	1	2	2	2	3	3	3	6	6
10	10	13	13	13	14	14	14	11	11	8	8	5	5	4	4	4	4	4	1	1	2	2	2	2	3	3	6	6	6
11	11	11	11	10	13	14	14	14	14	15	12	11	8	8	5	5	2	1	1	1	1	1	1	2	2	2	3	3	3
13	13	13	13	13	14	14	11	11	11	8	8	5	5	5	2	2	1	1	1	4	4	5	5	2	2	2	2	3	3
10	13	13	13	14	14	14	14	14	14	11	11	11	8	8	8	5	5	4	4	1	1	1	1	2	2	2	2	3	3
10	10	10	13	13	13	13	14	14	14	11	11	8	8	7	4	4	4	4	1	1	1	2	2	2	2	3	3	3	3
7	7	7	10	10	13	13	13	14	14	14	11	11	8	8	5	5	2	2	2	1	1	1	1	5	2	2	3	3	3
7	10	10	10	13	13	13	13	14	14	11	11	8	8	5	5	5	2	1	1	1	1	1	2	2	2	2	3	3	3
11	11	11	10	10	13	13	13	13	14	14	14	14	11	11	11	8	8	5	5	4	1	1	2	2	2	2	2	3	3
11	11	11	10	10	13	13	14	14	14	14	11	11	8	8	5	5	5	2	2	1	1	1	1	2	2	2	2	3	3
11	8	8	8	10	10	13	13	14	14	14	14	15	12	12	9	8	5	5	2	2	1	4	4	5	2	2	2	3	3
10	13	13	13	13	14	14	14	11	11	8	8	8	4	4	4	1	4	4	4	4	1	2	2	2	2	3	3	3	3
11	11	11	11	14	14	14	14	15	15	15	12	12	9	9	8	5	5	5	5	2	1	1	1	1	2	2	2	2	3
11	11	8	8	8	7	10	10	13	13	14	14	14	11	11	8	8	8	5	5	1	1	1	2	2	2	3	3	3	6
12	11	11	11	14	14	14	15	15	15	15	12	12	9	8	5	5	5	4	1	1	1	1	2	2	2	3	3	3	3
11	11	8	11	11	14	14	14	14	14	14	14	11	11	8	8	5	5	5	2	1	1	1	1	2	2	2	2	3	3
10	10	13	13	13	14	14	14	11	11	8	8	5	5	4	1	1	1	1	1	1	1	2	2	2	2	3	3	3	3
11	10	10	10	13	13	13	13	14	14	14	14	11	11	8	8	8	5	5	4	4	4	2	2	2	2	2	2	3	3
11	11	11	7	7	10	10	13	13	14	14	14	14	11	11	11	8	8	5	5	5	1	1	1	2	2	2	2	3	3
7	10	10	10	13	13	14	14	14	14	11	11	8	8	5	5	2	2	2	1	1	4	4	4	2	2	2	3	3	3
11	14	14	14	13	10	10	10	11	11	11	8	8	8	5	4	4	4	4	1	1	1	2	2	2	3	3	6	6	6
10	10	13	13	14	14	14	14	14	14	14	11	11	11	8	8	8	5	5	5	2	2	2	2	2	2	2	3	3	3
10	10	10	10	13	13	13	13	14	14	11	8	7	7	4	4	4	4	1	1	1	1	2	2	2	3	3	3	6	6
13	13	13	13	14	14	14	14	14	11	11	11	8	8	8	5	5	5	5	1	1	2	2	2	2	2	3	3	6	6
11	11	11	10	13	13	14	14	14	14	14	14	14	11	11	11	8	8	8	5	5	4	1	1	2	2	2	2	2	3
11	11	10	10	10	13	13	13	13	14	14	14	11	11	8	8	5	5	5	1	1	1	1	2	2	2	2	3	3	3
8	8	7	7	7	10	10	13	13	14	14	14	14	14	11	11	8	8	8	4	4	1	1	1	2	2	2	3	3	3
12	12	11	11	11	14	14	14	14	15	14	11	11	11	8	8	8	5	5	5	2	1	1	1	2	2	2	2	2	3
11	10	10	10	13	13	14	14	14	14	14	14	11	11	8	8	8	7	4	4	4	1	1	1	2	2	2	2	3	3
11	10	10	13	13	13	14	14	14	14	11	11	8	8	7	4	4	7	4	4	1	1	2	2	2	2	3	3	3	3
11	11	10	10	10	10	13	13	13	13	14	14	14	11	11	8	8	8	5	5	5	2	2	2	2	2	2	3	3	3
15	15	14	11	11	14	14	14	14	14	11	11	8	8	8	5	5	2	2	1	1	1	1	1	2	2	2	2	3	3
11	11	11	14	14	14	14	14	11	11	11	8	8	5	5	2	2	1	1	1	1	4	4	5	5	2	2	3	3	3
13	13	13	14	14	14	14	14	11	11	11	8	8	8	8	7	4	4	4	1	1	1	2	2	2	2	2	2	3	3
10	13	13	13	13	14	14	14	14	11	10	7	7	7	4	4	4	1	1	1	1	1	2	2	2	2	3	3	3	6
7	7	10	10	14	14	14	14	15	15	12	12	9	9	5	5	5	5	4	4	1	1	1	2	2	2	3	3	3	6
11	14	14	15	15	15	15	15	12	12	12	9	8	8	8	5	5	4	4	4	4	4	1	2	2	2	2	2	3	3
11	11	11	11	14	14	14	14	14	15	12	12	8	8	8	5	5	5	2	1	1	1	1	1	2	2	2	2	3	3
9	8	8	8	11	11	14	14	14	15	15	12	11	8	8	5	5	5	2	1	1	1	1	1	2	2	2	2	3	3
12	12	8	8	11	11	11	14	14	14	14	14	11	11	8	8	8	5	5	4	1	1	2	2	2	2	3	3	3	6
10	13	13	13	14	14	14	14	14	11	11	11	8	8	8	8	5	4	4	1	1	1	2	2	2	2	2	3	3	3
14	14	14	14	14	14	14	11	11	11	8	8	8	5	5	5	2	1	1	1	1	1	2	2	2	2	2	3	3	3
15	14	14	14	14	14	14	14	15	15	15	12	12	12	8	8	8	5	5	5	1	1	1	1	1	2	2	2	3	3
11	12	9	8	8	11	10	13	14	14	14	15	12	12	9	9	5	5	5	4	4	4	4	1	2	2	2	3	3	6
11	11	10	13	14	14	14	14	11	11	8	8	5	5	1	1	1	1	1	1	1	2	2	2	3	3	6	6	9	9
13	13	13	13	14	14	14	11	11	11	8	8	7	4	4	4	4	1	1	1	1	2	2	2	2	3	3	3	3	3
13	13	13	13	13	14	14	14	14	11	11	11	8	8	8	4	4	4	4	1	1	1	2	2	2	2	2	3	3	3
11	11	14	14	14	14	14	14	14	11	11	8	8	5	5	5	2	2	1	1	1	1	4	5	5	2	2	2	3	3
13	13	13	13	14	14	14	14	11	11	11	8	7	7	7	4	4	4	1	1	1	1	2	2	2	2	2	3	3	3
11	11	10	10	10	13	13	13	14	14	14	11	11	8	7	7	4	4	4	1	1	1	2	2	2	2	3	3	6	6
13	14	14	14	14	14	15	15	12	12	12	9	8	8	5	5	5	4	1	1	1	1	1	2	2	2	2	3	3	3
12	11	11	14	14	14	14	15	15	12	12	9	9	5	5	2	2	2	1	1	1	1	1	2	2	2	3	3	3	3
11	11	8	11	10	10	13	13	13	14	14	14	14	15	12	12	8	8	8	5	5	4	1	1	1	2	2	2	3	3
13	13	13	13	13	14	14	14	14	11	11	8	8	8	4	4	4	1	1	1	1	1	2	2	2	2	6	6	6	6
11	11	11	11	14	14	14	14	15	15	12	12	8	8	8	5	5	4	4	4	1	1	2	2	2	3	3	3	6	6
10	10	10	10	10	13	13	13	11	11	7	7	7	4	4	4	1	4	4	4	4	4	2	2	2	2	3	3	3	6
13	13	14	14	14	14	14	11	11	8	8	8	8	4	4	4	4	1	1	1	1	1	2	2	2	2	3	3	6	6
15	11	11	11	10	13	14	14	14	15	15	12	12	8	8	5	5	4	4	4	4	4	1	2	2	2	2	3	3	3
7	7	7	10	10	13	14	14	14	14	11	11	8	8	5	5	1	1	1	1	1	2	2	2	3	3	3	6	6	9
13	13	14	14	14	14	14	11	11	11	8	8	8	5	4	4	1	1	1	1	2	2	2	2	2	3	3	3	3	3
8	8	8	11	11	14	14	14	14	15	15	12	12	9	8	5	5	5	2	1	1	1	1	1	2	2	2	3	3	3
11	11	11	14	14	14	14	14	14	14	11	11	8	8	8	5	5	2	2	1	1	4	1	2	2	2	2	2	3	3
14	14	14	14	14	14	14	14	14	11	11	11	8	8	8	5	5	4	4	7	7	4	5	5	2	2	2	2	2	3
10	10	13	13	13	13	14	14	14	14	14	14	11	11	8	8	8	5	5	5	2	2	2	2	2	2	3	3	3	3
7	10	10	10	13	13	14	14	14	14	15	15	11	11	8	8	8	5	5	5	2	1	2	2	2	2	3	3	3	3
15	15	12	11	11	11	14	14	14	14	15	12	8	8	5	5	2	1	1	1	4	4	2	2	2	3	3	3	6	6
11	11	11	14	14	14	14	14	14	11	11	8	8	5	5	5	2	2	1	1	1	1	2	2	2	2	3	3	3	6
9	8	8	8	11	10	10	13	13	14	14	14	14	11	11	8	8	5	5	5	1	1	1	1	2	2	2	2	3	3
8	8	7	10	10	13	13	14	14	14	11	11	8	8	8	5	4	1	1	4	1	1	2	2	2	2	3	3	6	6
12	11	11	11	10	10	13	13	14	14	14	14	11	11	8	8	5	5	1	1	1	1	1	1	2	2	2	3	3	3
13	13	13	14	14	14	14	14	14	11	11	11	8	8	7	7	4	4	4	1	1	1	1	2	2	2	2	3	3	3
13	13	14	14	14	14	15	15	15	11	11	11	11	8	8	8	4	4	4	1	1	1	1	2	2	2	2	3	3	3
13	13	13	14	14	14	11	11	11	8	8	7	7	4	4	4	1	1	1	1	1	1	2	2	2	2	3	3	3	3
10	10	10	13	13	13	13	14	14	14	11	11	11	8	7	4	4	4	1	1	1	1	2	2	2	2	3	3	3	3
13	13	13	13	14	14	14	14	15	14	11	11	11	8	8	8	4	4	4	1	1	1	1	2	2	2	2	3	3	3
14	14	15	15	15	15	12	12	12	11	11	11	10	10	10	7	7	7	4	4	1	2	2	2	2	2	5	6	6	9
13	13	13	13	13	14	14	14	14	11	11	8	8	8	7	4	4	4	1	1	1	1	1	2	2	2	2	3	3	3
11	10	13	14	14	14	14	14	11	11	11	8	8	5	5	5	2	1	1	1	1	1	2	2	2	2	2	2	3	3
14	14	11	11	11	10	10	10	13	13	13	14	14	14	14	11	11	8	8	8	5	5	2	2	2	2	2	3	3	3
10	10	13	13	14	14	14	14	14	11	11	11	8	8	8	5	5	4	4	1	1	1	1	2	2	2	2	2	3	3
10	10	13	13	14	14	14	15	12	11	8	8	8	5	4	4	4	1	1	1	1	1	1	2	2	2	3	3	3	3
11	14	14	14	15	15	15	15	15	12	12	12	11	8	8	8	7	4	4	4	1	1	1	1	2	2	2	2	3	3
15	15	12	11	8	11	11	14	14	14	15	12	9	8	5	5	2	1	1	1	4	1	2	2	3	3	6	6	5	2
11	14	14	14	14	15	15	12	12	9	9	5	5	2	2	1	1	1	1	1	1	4	1	2	2	2	3	3	3	3
10	13	13	13	14	14	14	11	11	8	7	7	4	4	1	1	1	1	1	1	2	2	2	2	3	3	6	6	6	9
10	13	13	13	13	13	14	14	14	14	11	11	11	8	8	8	5	4	4	1	1	1	2	2	2	2	3	3	3	3
7	10	10	13	13	13	13	13	14	14	11	11	11	8	8	7	4	4	4	1	1	1	2	2	2	3	3	3	3	3
7	10	10	14	14	14	14	14	14	11	11	8	8	8	5	5	2	1	1	1	1	1	2	2	2	2	3	3	6	6
7	10	10	13	13	14	14	14	14	14	11	12	12	8	8	5	5	5	2	2	1	1	1	1	2	2	2	2	3	3
12	8	8	11	11	10	13	13	14	14	14	15	12	12	9	9	6	6	5	2	2	2	1	1	1	2	2	2	3	3
13	13	13	13	14	14	14	14	11	11	11	8	7	7	7	7	4	4	4	1	1	1	2	2	2	2	2	3	3	3
11	11	14	14	14	14	14	14	11	11	8	8	8	5	5	5	1	1	1	4	4	4	5	5	5	5	2	2	3	3
13	13	13	13	13	13	14	14	14	14	14	11	11	11	8	8	8	5	5	5	2	2	2	2	2	3	3	3	3	3
14	11	11	10	10	10	13	13	13	14	14	14	14	11	11	11	8	8	8	4	4	4	1	1	2	2	2	3	3	3
10	13	13	13	13	13	14	14	14	11	11	11	8	8	5	4	4	1	1	1	1	1	2	2	2	2	3	3	3	3
10	10	13	13	13	14	14	14	14	14	11	11	11	8	8	8	7	4	4	4	1	1	1	2	2	2	2	3	3	3
11	10	13	13	13	14	14	14	14	11	11	11	8	8	8	5	4	4	1	1	1	1	1	2	2	2	2	3	3	3
10	13	13	13	13	14	14	14	11	11	7	7	7	4	4	4	1	1	1	1	1	2	2	2	2	3	3	3	3	6
12	8	11	11	11	11	11	13	13	14	14	14	14	14	14	11	11	8	8	8	8	5	5	2	2	2	2	2	2	3
12	11	11	11	14	15	15	15	15	12	12	9	9	5	5	5	2	1	1	4	4	4	1	2	2	2	2	3	3	3
10	10	13	13	13	14	14	14	14	14	11	11	8	8	8	5	5	4	1	1	1	1	1	2	2	2	2	3	3	3
10	10	10	10	13	13	13	14	14	14	14	11	11	11	8	8	8	5	5	1	1	1	1	2	2	2	2	2	3	6
13	13	13	13	14	14	14	14	14	11	11	11	7	7	7	4	4	4	1	1	1	1	2	2	2	2	3	3	3	3
13	13	13	13	13	14	14	14	14	14	11	11	8	8	8	8	5	5	5	1	1	1	2	2	2	2	3	3	3	3
13	13	13	13	14	14	14	14	11	11	11	8	8	8	4	4	4	4	4	4	5	2	2	2	2	2	3	3	3	3
11	11	11	10	10	13	13	14	14	14	14	15	15	15	11	11	11	8	8	7	4	4	4	1	2	2	2	2	3	3
10	10	13	13	14	14	14	14	14	11	11	11	8	8	8	8	4	4	4	4	1	1	1	2	2	2	2	3	3	3
14	14	13	13	13	13	13	13	13	13	13	11	11	8	7	7	4	4	1	1	1	1	2	2	2	2	3	3	3	3
13	13	13	13	14	14	11	11	11	8	8	5	4	4	1	1	1	1	1	1	1	1	2	2	2	2	3	3	3	3
14	11	11	10	10	13	13	13	14	14	14	11	11	8	8	5	4	4	1	1	4	1	1	2	2	2	3	3	3	3
14	11	11	10	13	14	14	14	11	11	8	8	7	4	4	4	4	4	1	1	2	2	2	3	3	3	6	6	9	9
13	13	14	14	14	14	14	15	12	12	12	9	9	8	8	8	5	5	5	4	4	1	1	2	2	2	2	2	3	3
10	13	13	13	13	14	14	14	11	11	11	8	8	8	5	5	5	2	1	1	1	1	1	2	2	2	2	2	3	3
12	11	11	14	14	14	14	15	15	12	12	12	8	8	8	5	5	4	4	4	4	4	4	5	2	2	2	3	3	3
8	10	10	14	14	14	14	15	12	12	8	8	5	5	5	4	1	1	1	4	4	1	1	2	2	2	3	3	3	3
13	13	14	14	14	14	14	11	11	8	8	8	5	5	1	1	1	1	1	1	1	1	2	2	2	2	3	3	3	3
7	10	10	13	14	14	14	14	14	14	11	11	11	8	8	8	5	5	2	2	1	1	1	1	2	2	2	2	3	3
11	11	11	11	11	11	14	14	14	14	14	14	15	15	12	11	11	8	8	8	8	5	5	5	1	1	2	2	2	2
11	11	11	14	14	14	14	15	15	12	12	9	8	5	5	5	1	1	4	4	4	5	2	2	2	3	3	3	6	6
10	13	13	13	13	14	14	14	14	14	11	11	11	8	8	8	5	5	4	1	1	1	1	2	2	2	2	3	3	3
8	8	11	11	14	14	14	14	14	14	14	11	11	8	8	8	5	5	1	1	1	1	1	1	2	2	2	2	3	3
10	13	13	13	14	14	14	14	11	11	11	8	7	4	4	4	1	1	1	1	1	1	2	2	2	2	3	6	6	3
11	11	11	14	14	14	14	15	15	12	12	11	8	8	5	5	5	2	1	4	4	2	2	2	2	2	3	3	6	6
10	10	10	13	13	13	13	14	14	14	14	11	11	11	8	8	8	5	4	4	1	1	1	2	2	2	2	3	3	3
13	13	13	14	14	14	14	14	11	11	8	8	8	5	4	4	1	1	1	1	1	1	2	2	2	2	3	3	3	3
10	13	13	14	14	11	8	4	5	2	2	3	6	5	8	10	10	13	13	14	14	11	8	5	4	1	2	2	3	3
11	11	10	10	13	13	13	14	14	14	11	11	8	8	5	5	1	1	1	1	1	1	2	2	2	3	3	3	6	6
7	10	10	10	10	13	13	13	13	13	13	11	11	8	7	7	4	4	1	1	1	1	2	2	2	3	3	3	6	6
10	13	13	13	13	14	14	14	14	11	11	11	8	8	5	5	4	1	1	1	1	1	1	2	2	2	2	3	3	3
13	13	13	13	14	14	14	14	14	11	11	11	8	8	8	4	4	4	1	1	1	1	1	2	2	2	2	3	3	3
12	12	12	11	11	14	14	14	14	12	8	8	8	5	4	4	7	7	7	4	1	1	1	2	2	3	3	3	6	6
7	10	10	10	13	14	14	14	14	14	14	14	11	11	11	8	8	8	5	5	4	1	1	1	2	2	2	2	2	3
10	10	10	13	13	14	14	14	11	11	8	8	7	4	4	4	1	4	4	4	1	1	2	2	2	2	3	3	3	3
11	11	14	14	14	15	15	15	12	12	8	8	8	5	5	5	2	1	1	1	1	1	1	2	2	2	2	3	3	3
13	13	13	13	14	14	14	14	14	14	11	11	11	11	8	8	8	5	5	5	2	2	2	2	2	2	2	2	3	3
13	13	13	13	14	14	14	14	11	11	11	8	8	7	4	4	4	4	1	1	1	1	2	2	2	2	3	3	3	3
10	13	13	13	13	14	14	14	14	11	11	8	8	7	7	4	4	4	1	1	1	1	2	2	2	2	3	3	3	3
11	8	8	7	10	10	13	13	13	14	14	14	11	11	8	8	5	5	5	1	1	1	1	1	2	2	2	2	3	3
15	12	11	11	11	14	14	14	15	15	11	11	8	8	8	5	5	5	2	1	1	4	4	2	2	2	2	3	3	3
10	10	13	13	13	13	14	14	14	14	11	11	8	8	8	5	4	1	1	1	1	1	1	2	2	2	2	3	3	3
11	10	10	13	13	13	14	14	14	14	14	11	11	11	8	8	8	5	5	5	2	2	2	1	2	2	2	2	2	3
12	11	8	8	11	10	10	13	14	14	14	14	11	11	8	8	5	5	5	1	1	1	1	2	2	2	2	3	3	3
11	8	11	11	14	14	14	14	14	11	11	8	8	5	5	1	1	1	1	1	1	4	4	2	2	2	3	3	3	3
10	10	13	13	13	14	14	14	14	14	11	11	8	8	8	5	5	5	1	1	1	1	1	2	2	2	2	3	3	6
11	14	14	14	14	15	15	15	12	12	12	9	9	8	5	5	5	5	4	4	7	4	4	4	2	2	2	2	3	3
10	10	10	13	13	13	14	14	14	14	11	11	8	8	7	4	4	4	4	1	1	1	1	2	2	2	3	3	3	3
10	10	13	13	14	14	14	14	14	14	11	11	11	8	8	5	5	5	1	1	1	1	2	2	2	2	2	6	6	6
11	10	10	10	10	13	13	14	14	14	14	14	11	11	11	8	8	8	5	4	4	1	1	2	2	2	2	2	3	3
11	10	13	13	13	13	14	14	11	11	8	8	5	5	5	2	1	1	1	1	1	1	1	2	2	2	2	3	3	3
13	13	13	13	13	13	13	14	14	14	11	11	8	7	7	7	4	4	4	1	1	1	2	2	2	2	3	3	3	3
11	11	10	14	14	14	14	11	11	8	8	8	5	4	4	4	4	4	4	4	4	5	5	2	2	2	3	3	3	3
11	11	14	14	14	15	15	15	12	12	12	9	8	5	5	5	2	2	2	1	1	1	1	2	2	2	2	3	3	3
13	13	13	14	14	11	11	10	7	7	7	4	4	4	1	1	1	1	1	1	2	2	2	2	2	3	3	3	3	3
10	13	13	13	14	14	14	14	14	15	15	15	12	12	12	9	9	8	5	5	5	5	2	2	2	2	2	3	3	3
11	11	10	13	13	14	14	14	14	11	11	11	8	8	8	5	5	4	1	1	1	1	1	2	2	2	2	3	3	3
10	10	13	13	13	13	14	14	14	14	11	11	8	8	8	5	5	4	1	1	1	1	1	2	2	2	2	3	3	3
10	10	10	13	13	13	13	10	10	10	7	7	7	7	4	4	4	1	1	1	2	2	2	2	2	3	3	6	6	6
10	10	10	10	13	13	13	14	11	11	11	8	8	8	4	4	4	4	1	1	1	1	2	2	2	3	3	3	3	3
14	14	14	14	14	14	14	11	11	8	8	8	8	4	4	4	7	4	4	4	2	2	2	2	2	3	3	3	3	6
13	13	13	14	14	14	14	14	14	14	11	11	11	8	8	8	5	5	4	1	1	1	2	2	2	2	2	3	3	3
8	7	10	10	13	13	13	13	14	14	11	11	8	8	5	5	2	1	1	1	4	1	1	1	2	2	2	3	3	3
11	11	8	10	10	13	13	14	14	11	11	8	8	5	5	4	1	1	4	4	4	5	2	2	2	3	6	6	9	9
10	10	10	10	10	13	13	13	11	11	7	7	7	7	7	7	4	4	4	1	1	2	5	5	5	6	6	9	9	9
11	11	11	11	11	14	14	14	14	14	11	11	8	8	5	5	2	1	1	1	1	1	1	2	2	2	3	3	6	6
10	10	13	13	14	14	14	15	15	15	15	12	12	11	8	8	5	5	4	1	1	1	1	1	2	2	2	2	3	3
15	12	11	11	14	14	14	15	12	12	8	8	8	5	4	4	4	4	4	4	4	5	2	2	2	2	3	6	6	6
11	11	10	10	13	13	13	14	14	14	14	11	11	8	8	5	5	5	1	1	1	1	1	2	2	2	2	3	3	3
10	13	13	14	14	14	14	14	11	11	11	8	8	8	5	5	5	1	1	1	1	1	2	2	2	2	2	3	3	3
14	11	11	8	8	11	11	11	14	14	14	14	15	15	12	12	11	8	8	5	5	5	2	1	1	2	2	2	2	3
14	11	11	11	10	13	13	14	14	14	14	14	11	11	8	8	8	5	5	4	1	1	1	2	2	2	2	3	3	3
8	7	7	10	11	14	14	14	15	15	15	15	12	12	9	9	8	5	5	5	1	1	1	1	1	2	2	2	3	3
11	11	10	10	13	13	14	14	14	11	11	8	8	5	4	1	1	1	1	1	4	1	2	2	2	2	3	3	3	6
8	8	8	10	10	13	13	13	14	14	14	14	11	8	8	8	5	5	4	4	4	4	4	2	2	2	3	3	3	3
13	13	13	13	14	14	14	14	14	14	11	11	11	8	8	8	5	4	4	4	1	1	1	2	2	2	2	3	3	3
8	11	10	14	14	14	14	14	11	11	8	8	5	5	2	2	1	1	1	1	4	4	4	5	5	2	2	2	3	3
11	8	7	10	10	13	13	14	14	11	11	8	8	5	4	1	1	1	1	4	4	4	2	2	2	3	3	3	6	6
10	13	13	13	14	14	14	14	14	11	11	8	8	8	5	5	5	1	1	1	1	1	1	2	2	2	2	3	3	3
10	10	13	13	13	13	14	14	14	11	11	10	7	7	7	4	4	1	1	1	1	1	2	2	2	2	3	3	3	3
14	11	11	14	14	14	14	14	11	11	8	8	8	4	4	4	4	4	1	1	1	2	2	2	2	3	6	6	9	9
14	14	14	14	14	14	11	11	8	8	8	8	4	4	4	4	1	1	1	1	2	2	2	2	2	3	3	3	3	6
11	10	10	13	13	14	14	14	14	11	11	8	8	8	5	5	4	4	4	4	1	1	2	2	2	2	3	3	3	3
11	11	11	11	11	10	10	13	13	14	14	14	14	14	15	12	11	8	8	8	5	5	5	1	2	2	2	2	3	3
10	7	10	10	10	13	13	13	14	14	14	11	11	8	7	4	4	4	1	1	1	1	1	2	2	2	3	3	3	3
14	14	14	15	15	15	12	12	9	9	9	5	5	5	5	1	1	1	4	4	4	4	8	5	5	5	3	3	3	3
10	11	10	10	10	10	10	13	13	13	13	14	14	14	11	11	8	8	5	4	4	1	2	2	2	2	3	3	3	3
10	10	10	10	13	13	13	13	13	14	14	11	11	8	7	7	4	4	4	1	1	1	1	2	2	2	2	3	3	3
12	9	8	8	8	10	10	13	13	14	14	14	14	11	11	8	8	4	4	4	4	1	1	1	2	2	2	6	6	6
10	10	13	13	13	14	14	14	14	11	11	8	8	5	5	4	4	4	4	4	4	4	5	2	2	2	3	3	3	3
10	10	10	13	13	13	13	13	10	10	7	7	4	4	1	1	1	1	4	4	4	4	5	2	2	5	6	6	6	9
14	14	14	11	11	11	8	8	7	4	7	7	7	10	10	10	10	7	8	5	5	2	2	2	2	2	3	3	3	3
8	8	11	11	11	14	14	14	14	15	15	15	12	12	11	8	8	8	5	5	4	1	1	1	1	2	2	2	2	6
8	8	10	10	13	13	13	14	14	14	11	11	11	8	8	5	5	4	1	1	1	1	1	2	2	2	2	3	3	3
8	8	11	10	10	13	14	14	14	14	14	11	11	8	8	5	5	5	2	2	1	1	1	1	2	2	2	2	3	3
7	7	10	10	13	13	13	13	14	14	14	14	11	11	8	8	5	4	4	1	1	1	1	2	2	2	3	3	3	3
10	10	13	13	13	14	14	14	14	14	11	11	11	8	8	8	5	5	4	1	1	1	1	2	2	2	2	3	3	3
11	11	10	10	10	13	14	14	14	14	14	15	12	11	8	8	8	5	5	4	1	1	1	1	2	2	2	3	3	3
13	13	13	13	14	14	14	11	11	10	7	7	7	7	4	4	4	1	1	1	1	2	2	2	2	2	3	3	3	3
13	13	13	13	13	14	11	10	7	7	7	4	4	4	1	1	1	1	1	1	1	2	2	2	2	3	6	6	6	6
10	13	13	13	13	14	14	14	14	11	11	8	8	8	7	4	4	4	1	1	1	1	2	2	2	2	2	3	3	3
10	10	10	13	13	14	14	14	15	15	15	12	12	8	8	8	5	4	4	1	1	1	1	2	2	2	3	3	3	3
10	13	13	13	13	14	14	14	11	11	7	7	7	7	4	4	4	1	1	1	1	1	2	2	2	2	3	3	3	3
11	11	10	10	13	13	13	14	14	14	14	11	11	11	8	8	8	5	4	4	1	1	1	1	2	2	2	2	3	3
10	10	13	13	13	13	13	14	14	14	14	11	11	8	8	8	5	5	1	1	1	2	2	2	2	3	3	3	6	6
7	7	7	7	10	10	10	10	13	14	14	11	11	11	8	8	8	5	5	5	5	2	2	2	6	6	6	6	6	6
14	14	14	14	14	15	15	15	12	11	8	8	8	8	4	4	4	7	4	4	2	2	2	2	2	3	3	3	6	6
14	14	14	14	15	15	15	12	12	8	8	8	4	4	1	1	1	1	1	2	2	3	3	3	3	3	3	3	3	6
7	10	10	13	13	13	13	14	14	14	11	11	8	7	7	4	4	4	1	1	1	1	2	2	2	2	3	3	3	3
11	11	11	10	10	13	13	13	14	14	14	14	11	11	8	8	8	5	5	5	4	4	1	1	2	2	2	2	3	3
13	13	13	14	14	14	14	11	11	11	8	8	7	4	4	4	4	1	1	1	1	1	2	2	2	2	3	3	3	3
14	14	15	15	15	15	15	12	11	11	11	8	8	8	8	7	7	7	7	7	4	5	5	2	2	2	2	2	2	2
15	15	12	11	11	11	14	14	14	14	14	15	15	15	12	12	9	8	8	5	5	5	4	4	4	2	2	2	2	2
13	13	13	13	14	14	14	14	15	11	11	8	8	8	5	4	4	1	1	1	1	1	1	2	2	2	3	3	3	3
14	11	11	10	10	10	13	13	14	14	14	14	11	11	11	8	8	7	4	4	4	1	1	1	2	2	2	2	3	3
